 0.00000000E+00  0.69840111E-01 
 0.99999998E-02  0.69818914E-01 
 0.20000000E-01  0.69776520E-01 
 0.29999999E-01  0.69712952E-01 
 0.39999999E-01  0.69628216E-01 
 0.50000001E-01  0.69522351E-01 
 0.59999999E-01  0.69395378E-01 
 0.70000000E-01  0.69247343E-01 
 0.79999998E-01  0.69078289E-01 
 0.90000004E-01  0.68888269E-01 
 0.10000000E+00  0.68677336E-01 
 0.11000000E+00  0.68445556E-01 
 0.12000000E+00  0.68193004E-01 
 0.13000000E+00  0.67919753E-01 
 0.14000000E+00  0.67625888E-01 
 0.15000001E+00  0.67311496E-01 
 0.16000000E+00  0.66976666E-01 
 0.17000000E+00  0.66621512E-01 
 0.18000001E+00  0.66246137E-01 
 0.19000000E+00  0.65850653E-01 
 0.20000000E+00  0.65435179E-01 
 0.22000000E+00  0.64524785E-01 
 0.23999999E+00  0.63536040E-01 
 0.25999999E+00  0.62470157E-01 
 0.28000000E+00  0.61328426E-01 
 0.30000001E+00  0.60112234E-01 
 0.31999999E+00  0.58823057E-01 
 0.34000000E+00  0.57462461E-01 
 0.36000001E+00  0.56032099E-01 
 0.38000000E+00  0.54533705E-01 
 0.40000001E+00  0.52969102E-01 
 0.41999999E+00  0.51340189E-01 
 0.44000000E+00  0.49648944E-01 
 0.46000001E+00  0.47897425E-01 
 0.47999999E+00  0.46087753E-01 
 0.50000000E+00  0.44222131E-01 
 0.51999998E+00  0.42302821E-01 
 0.54000002E+00  0.40332157E-01 
 0.56000000E+00  0.38312536E-01 
 0.57999998E+00  0.36246404E-01 
 0.60000002E+00  0.34136277E-01 
 0.63999999E+00  0.29750263E-01 
 0.68000001E+00  0.25219822E-01 
 0.72000003E+00  0.20566965E-01 
 0.75999999E+00  0.15814301E-01 
 0.80000001E+00  0.10984920E-01 
 0.83999997E+00  0.61022900E-02 
 0.88000000E+00  0.11901306E-02 
 0.92000002E+00 -0.37276950E-02 
 0.95999998E+00 -0.86272983E-02 
 0.10000000E+01 -0.13484880E-01 
 0.10400000E+01 -0.18276848E-01 
 0.10800000E+01 -0.22979939E-01 
 0.11200000E+01 -0.27571319E-01 
 0.11600000E+01 -0.32028694E-01 
 0.12000000E+01 -0.36330435E-01 
 0.12400000E+01 -0.40455665E-01 
 0.12800000E+01 -0.44384371E-01 
 0.13200001E+01 -0.48097495E-01 
 0.13600000E+01 -0.51577020E-01 
 0.14000000E+01 -0.54806076E-01 
 0.14800000E+01 -0.60199741E-01 
 0.15599999E+01 -0.64424247E-01 
 0.16400000E+01 -0.67397654E-01 
 0.17200000E+01 -0.69062293E-01 
 0.18000000E+01 -0.69385841E-01 
 0.18800000E+01 -0.68361953E-01 
 0.19600000E+01 -0.66010371E-01 
 0.20400000E+01 -0.62376563E-01 
 0.21199999E+01 -0.57530884E-01 
 0.22000000E+01 -0.51567242E-01 
 0.22800000E+01 -0.44601295E-01 
 0.23599999E+01 -0.36768246E-01 
 0.24400001E+01 -0.28220201E-01 
 0.25200000E+01 -0.19123273E-01 
 0.25999999E+01 -0.96543077E-02 
 0.26800001E+01  0.25411696E-05 
 0.27600000E+01  0.96594207E-02 
 0.28399999E+01  0.19128472E-01 
 0.29200001E+01  0.28225500E-01 
 0.30000000E+01  0.36773581E-01 
 0.30799999E+01  0.44606540E-01 
 0.31600001E+01  0.51572170E-01 
 0.32400000E+01  0.57535209E-01 
 0.33199999E+01  0.62379956E-01 
 0.34000001E+01  0.66012494E-01 
 0.34800000E+01  0.68362489E-01 
 0.35599999E+01  0.69384530E-01 
 0.36400001E+01  0.69058970E-01 
 0.37200000E+01  0.67392297E-01 
 0.38000000E+01  0.64416945E-01 
 0.38800001E+01  0.60190707E-01 
 0.39600000E+01  0.54795612E-01 
 0.40400000E+01  0.48336353E-01 
 0.41199999E+01  0.40938262E-01 
 0.41999998E+01  0.32744899E-01 
 0.42800002E+01  0.23915298E-01 
 0.43600001E+01  0.14620872E-01 
 0.44400001E+01  0.50421078E-02 
 0.45200000E+01 -0.46349354E-02 
 0.45999999E+01 -0.14222242E-01 
 0.46799998E+01 -0.23533512E-01 
 0.47600002E+01 -0.32387786E-01 
 0.48400002E+01 -0.40612973E-01 
 0.49200001E+01 -0.48049204E-01 
 0.50000000E+01 -0.54551952E-01 
 0.50799999E+01 -0.59994847E-01 
 0.51599998E+01 -0.64272135E-01 
 0.52399998E+01 -0.67300722E-01 
 0.53200002E+01 -0.69021776E-01 
 0.54000001E+01 -0.69401897E-01 
 0.54800000E+01 -0.68433724E-01 
 0.55599999E+01 -0.66136070E-01 
 0.56399999E+01 -0.62553562E-01 
 0.57199998E+01 -0.57755806E-01 
 0.58000002E+01 -0.51836021E-01 
 0.58800001E+01 -0.44909257E-01 
 0.59600000E+01 -0.37110146E-01 
 0.60400000E+01 -0.28590286E-01 
 0.61199999E+01 -0.19515298E-01 
 0.61999998E+01 -0.10061594E-01 
 0.62800002E+01 -0.41293449E-03 
 0.63600001E+01  0.92431707E-02 
 0.64400001E+01  0.18719086E-01 
 0.65200000E+01  0.27830744E-01 
 0.65999999E+01  0.36401201E-01 
 0.66799998E+01  0.44264089E-01 
 0.67600002E+01  0.51266834E-01 
 0.68400002E+01  0.57273600E-01 
 0.69200001E+01  0.62167905E-01 
 0.70000000E+01  0.65854870E-01 
 0.70799999E+01  0.68263024E-01 
 0.71599998E+01  0.69345675E-01 
 0.72399998E+01  0.69081806E-01 
 0.73200002E+01  0.67476474E-01 
 0.74000001E+01  0.64560696E-01 
 0.74800000E+01  0.60390905E-01 
 0.75599999E+01  0.55047859E-01 
 0.76399999E+01  0.48635129E-01 
 0.77199998E+01  0.41277114E-01 
 0.78000002E+01  0.33116627E-01 
 0.78800001E+01  0.24312168E-01 
 0.79600000E+01  0.15034827E-01 
 0.80400000E+01  0.54649608E-02 
 0.81199999E+01 -0.42113238E-02 
 0.81999998E+01 -0.13805814E-01 
 0.82799997E+01 -0.23131886E-01 
 0.83599997E+01 -0.32008156E-01 
 0.84399996E+01 -0.40262036E-01 
 0.85200005E+01 -0.47733106E-01 
 0.86000004E+01 -0.54276228E-01 
 0.86800003E+01 -0.59764396E-01 
 0.87600002E+01 -0.64091153E-01 
 0.88400002E+01 -0.67172654E-01 
 0.89200001E+01 -0.68949267E-01 
 0.90000000E+01 -0.69386713E-01 
 0.90799999E+01 -0.68476669E-01 
 0.91599998E+01 -0.66236921E-01 
 0.92399998E+01 -0.62711000E-01 
 0.93199997E+01 -0.57967357E-01 
 0.93999996E+01 -0.52098043E-01 
 0.94799995E+01 -0.45216933E-01 
 0.95600004E+01 -0.37457541E-01 
 0.96400003E+01 -0.28970437E-01 
 0.97200003E+01 -0.19920349E-01 
 0.98000002E+01 -0.10482984E-01 
 0.98800001E+01 -0.84160810E-03 
 0.99600000E+01  0.88165114E-02 
 0.10040000E+02  0.18303733E-01 
 0.10120000E+02  0.27435699E-01 
 0.10200000E+02  0.36034945E-01 
 0.10280000E+02  0.43934345E-01 
 0.10360000E+02  0.50980359E-01 
 0.10440000E+02  0.57036057E-01 
 0.10520000E+02  0.61983746E-01 
 0.10600000E+02  0.65727271E-01 
 0.10680000E+02  0.68193890E-01 
 0.10760000E+02  0.69335669E-01 
 0.10840000E+02  0.69130421E-01 
 0.10920000E+02  0.67582123E-01 
 0.11000000E+02  0.64720802E-01 
 0.11080000E+02  0.60602013E-01 
 0.11160000E+02  0.55305764E-01 
 0.11240000E+02  0.48934955E-01 
 0.11320000E+02  0.41613389E-01 
 0.11400000E+02  0.33483386E-01 
 0.11480000E+02  0.24702985E-01 
 0.11560000E+02  0.15442885E-01 
 0.11640000E+02  0.58831112E-02 
 0.11720000E+02 -0.37904938E-02 
 0.11800000E+02 -0.13389920E-01 
 0.11880000E+02 -0.22728624E-01 
 0.11960000E+02 -0.31625181E-01 
 0.12040000E+02 -0.39906841E-01 
 0.12120000E+02 -0.47412839E-01 
 0.12200000E+02 -0.53997524E-01 
 0.12280000E+02 -0.59533175E-01 
 0.12360000E+02 -0.63912451E-01 
 0.12440000E+02 -0.67050457E-01 
 0.12520000E+02 -0.68886355E-01 
 0.12600000E+02 -0.69384553E-01 
 0.12680000E+02 -0.68535358E-01 
 0.12760000E+02 -0.66355169E-01 
 0.12840000E+02 -0.62886149E-01 
 0.12920000E+02 -0.58195475E-01 
 0.13000000E+02 -0.52374046E-01 
 0.13080000E+02 -0.45534749E-01 
 0.13160000E+02 -0.37810300E-01 
 0.13240000E+02 -0.29350679E-01 
 0.13320000E+02 -0.20320252E-01 
 0.13400000E+02 -0.10894540E-01 
 0.13480000E+02 -0.12568382E-02 
 0.13560000E+02  0.84054014E-02 
 0.13640000E+02  0.17904222E-01 
 0.13720000E+02  0.27054837E-01 
 0.13800000E+02  0.35679284E-01 
 0.13880000E+02  0.43609876E-01 
 0.13960000E+02  0.50692499E-01 
 0.14040000E+02  0.56789592E-01 
 0.14120000E+02  0.61782829E-01 
 0.14200000E+02  0.65575399E-01 
 0.14280000E+02  0.68093859E-01 
 0.14360000E+02  0.69289528E-01 
 0.14440000E+02  0.69139414E-01 
 0.14520000E+02  0.67646615E-01 
 0.14600000E+02  0.64840242E-01 
 0.14680000E+02  0.60774829E-01 
 0.14760000E+02  0.55529326E-01 
 0.14840000E+02  0.49205549E-01 
 0.14920000E+02  0.41926220E-01 
 0.15000000E+02  0.33832610E-01 
 0.15080000E+02  0.25081806E-01 
 0.15160000E+02  0.15843684E-01 
 0.15240000E+02  0.62976163E-02 
 0.15320000E+02 -0.33710129E-02 
 0.15400000E+02 -0.12974404E-01 
 0.15480000E+02 -0.22325989E-01 
 0.15560000E+02 -0.31244071E-01 
 0.15640000E+02 -0.39555367E-01 
 0.15720000E+02 -0.47098380E-01 
 0.15800000E+02 -0.53726535E-01 
 0.15880000E+02 -0.59311051E-01 
 0.15960000E+02 -0.63743420E-01 
 0.16040001E+02 -0.66937536E-01 
 0.16120001E+02 -0.68831339E-01 
 0.16200001E+02 -0.69388039E-01 
 0.16280001E+02 -0.68596810E-01 
 0.16360001E+02 -0.66472992E-01 
 0.16440001E+02 -0.63057803E-01 
 0.16520000E+02 -0.58417536E-01 
 0.16600000E+02 -0.52642327E-01 
 0.16680000E+02 -0.45844376E-01 
 0.16760000E+02 -0.38155790E-01 
 0.16840000E+02 -0.29726015E-01 
 0.16920000E+02 -0.20718904E-01 
 0.17000000E+02 -0.11309562E-01 
 0.17080000E+02 -0.16809064E-02 
 0.17160000E+02  0.79799145E-02 
 0.17240000E+02  0.17485151E-01 
 0.17320000E+02  0.26650129E-01 
 0.17400000E+02  0.35296842E-01 
 0.17480000E+02  0.43257426E-01 
 0.17559999E+02  0.50377384E-01 
 0.17639999E+02  0.56518596E-01 
 0.17719999E+02  0.61561976E-01 
 0.17799999E+02  0.65409750E-01 
 0.17879999E+02  0.67987338E-01 
 0.17959999E+02  0.69244772E-01 
 0.18040001E+02  0.69157660E-01 
 0.18120001E+02  0.67727640E-01 
 0.18200001E+02  0.64982325E-01 
 0.18280001E+02  0.60974829E-01 
 0.18360001E+02  0.55782747E-01 
 0.18440001E+02  0.49506698E-01 
 0.18520000E+02  0.42268392E-01 
 0.18600000E+02  0.34208283E-01 
 0.18680000E+02  0.25482884E-01 
 0.18760000E+02  0.16261715E-01 
 0.18840000E+02  0.67240233E-02 
 0.18920000E+02 -0.29447251E-02 
 0.19000000E+02 -0.12556458E-01 
 0.19080000E+02 -0.21924205E-01 
 0.19160000E+02 -0.30865742E-01 
 0.19240000E+02 -0.39207164E-01 
 0.19320000E+02 -0.46786297E-01 
 0.19400000E+02 -0.53455863E-01 
 0.19480000E+02 -0.59086327E-01 
 0.19559999E+02 -0.63568421E-01 
 0.19639999E+02 -0.66815250E-01 
 0.19719999E+02 -0.68763949E-01 
 0.19799999E+02 -0.69376871E-01 
 0.19879999E+02 -0.68642303E-01 
 0.19959999E+02 -0.66574648E-01 
 0.20040001E+02 -0.63214123E-01 
 0.20120001E+02 -0.58626015E-01 
 0.20200001E+02 -0.52899398E-01 
 0.20280001E+02 -0.46145428E-01 
 0.20360001E+02 -0.38495190E-01 
 0.20440001E+02 -0.30097185E-01 
 0.20520000E+02 -0.21114439E-01 
 0.20600000E+02 -0.11721364E-01 
 0.20680000E+02 -0.21003783E-02 
 0.20760000E+02  0.75616417E-02 
 0.20840000E+02  0.17076991E-01 
 0.20920000E+02  0.26260788E-01 
 0.21000000E+02  0.34934580E-01 
 0.21080000E+02  0.42929817E-01 
 0.21160000E+02  0.50091136E-01 
 0.21240000E+02  0.56279380E-01 
 0.21320000E+02  0.61374310E-01 
 0.21400000E+02  0.65276928E-01 
 0.21480000E+02  0.67911409E-01 
 0.21559999E+02  0.69226563E-01 
 0.21639999E+02  0.69196835E-01 
 0.21719999E+02  0.67822769E-01 
 0.21799999E+02  0.65131031E-01 
 0.21879999E+02  0.61173871E-01 
 0.21959999E+02  0.56028135E-01 
 0.22040001E+02  0.49793802E-01 
 0.22120001E+02  0.42592023E-01 
 0.22200001E+02  0.34562789E-01 
 0.22280001E+02  0.25862204E-01 
 0.22360001E+02  0.16659418E-01 
 0.22440001E+02  0.71333777E-02 
 0.22520000E+02 -0.25307215E-02 
 0.22600000E+02 -0.12145020E-01 
 0.22680000E+02 -0.21522673E-01 
 0.22760000E+02 -0.30481491E-01 
 0.22840000E+02 -0.38847495E-01 
 0.22920000E+02 -0.46458293E-01 
 0.23000000E+02 -0.53166214E-01 
 0.23080000E+02 -0.58841169E-01 
 0.23160000E+02 -0.63373148E-01 
 0.23240000E+02 -0.66674337E-01 
 0.23320000E+02 -0.68680786E-01 
 0.23400000E+02 -0.69353625E-01 
 0.23480000E+02 -0.68679817E-01 
 0.23559999E+02 -0.66672392E-01 
 0.23639999E+02 -0.63370183E-01 
 0.23719999E+02 -0.58837119E-01 
 0.23799999E+02 -0.53161036E-01 
 0.23879999E+02 -0.46451960E-01 
 0.23959999E+02 -0.38840041E-01 
 0.24040001E+02 -0.30473022E-01 
 0.24120001E+02 -0.21513397E-01 
 0.24200001E+02 -0.12135262E-01 
 0.24280001E+02 -0.25209228E-02 
 0.24360001E+02  0.71426639E-02 
 0.24440001E+02  0.16667543E-01 
 0.24520000E+02  0.25868455E-01 
 0.24600000E+02  0.34566447E-01 
 0.24680000E+02  0.42592403E-01 
 0.24760000E+02  0.49790315E-01 
 0.24840000E+02  0.56020360E-01 
 0.24920000E+02  0.61161589E-01 
 0.25000000E+02  0.65114267E-01 
 0.25080000E+02  0.67801803E-01 
 0.25160000E+02  0.69172211E-01 
 0.25240000E+02  0.69199070E-01 
 0.25320000E+02  0.67882068E-01 
 0.25400000E+02  0.65246858E-01 
 0.25480000E+02  0.61344668E-01 
 0.25559999E+02  0.56251280E-01 
 0.25639999E+02  0.50065566E-01 
 0.25719999E+02  0.42907584E-01 
 0.25799999E+02  0.34916256E-01 
 0.25879999E+02  0.26246699E-01 
 0.25959999E+02  0.17067201E-01 
 0.26040001E+02  0.75559975E-02 
 0.26120001E+02 -0.21022176E-02 
 0.26200001E+02 -0.11719858E-01 
 0.26280001E+02 -0.21110099E-01 
 0.26360001E+02 -0.30090509E-01 
 0.26440001E+02 -0.38486611E-01 
 0.26520000E+02 -0.46135265E-01 
 0.26600000E+02 -0.52887864E-01 
 0.26680000E+02 -0.58613200E-01 
 0.26760000E+02 -0.63200019E-01 
 0.26840000E+02 -0.66559203E-01 
 0.26920000E+02 -0.68625450E-01 
 0.27000000E+02 -0.69358595E-01 
 0.27080000E+02 -0.68744346E-01 
 0.27160000E+02 -0.66794567E-01 
 0.27240000E+02 -0.63547052E-01 
 0.27320000E+02 -0.59064809E-01 
 0.27400000E+02 -0.53434875E-01 
 0.27480000E+02 -0.46766613E-01 
 0.27559999E+02 -0.39189596E-01 
 0.27639999E+02 -0.30851109E-01 
 0.27719999E+02 -0.21913258E-01 
 0.27799999E+02 -0.12549841E-01 
 0.27879999E+02 -0.29429120E-02 
 0.27959999E+02  0.67207343E-02 
 0.28040001E+02  0.16253237E-01 
 0.28120001E+02  0.25469339E-01 
 0.28200001E+02  0.34189995E-01 
 0.28280001E+02  0.42245846E-01 
 0.28360001E+02  0.49480524E-01 
 0.28440001E+02  0.55753667E-01 
 0.28520000E+02  0.60943618E-01 
 0.28600000E+02  0.64949773E-01 
 0.28680000E+02  0.67694515E-01 
 0.28760000E+02  0.69124661E-01 
 0.28840000E+02  0.69212519E-01 
 0.28920000E+02  0.67956366E-01 
 0.29000000E+02  0.65380506E-01 
 0.29080000E+02  0.61534781E-01 
 0.29160000E+02  0.56493681E-01 
 0.29240000E+02  0.50354902E-01 
 0.29320000E+02  0.43237481E-01 
 0.29400000E+02  0.35279531E-01 
 0.29480000E+02  0.26635544E-01 
 0.29559999E+02  0.17473450E-01 
 0.29639999E+02  0.79713082E-02 
 0.29719999E+02 -0.16861153E-02 
 0.29799999E+02 -0.11310997E-01 
 0.29879999E+02 -0.20716114E-01 
 0.29959999E+02 -0.29718518E-01 
